00000000000000
00000000000001
00000000000010
10000001000000
00000000000100
01010000000000
00110000000000
00010001000000
00000000001000
01001000000000
00101000000000
00001001000000
00011000000000
01010000001000
01000110000000
00000100100000
00000000010000
01000100000000
00100100000000
00000101000000
00010100000000
01010000010000
01001010000000
00001000100000
00001100000000
01001000010000
01010010000000
00010000100000
00000001100000
00100000100000
01000000100000
00000010000000
00000000100000
01000010000000
00100010000000
00000011000000
00010010000000
01010000100000
01001100000000
00001000010000
00001010000000
01001000100000
01010100000000
00010000010000
00000001010000
00100000010000
01000000010000
00000100000000
00000110000000
01000100100000
01011000000000
00010000001000
00000001001000
00100000001000
01000000001000
00001000000000
00000001000100
00100000000100
01000000000100
00010000000000
00000001000000
00100000000000
01000000000000
10000000000000
